kinematics:
  shoulder:
    x: 0
    y: 0
    z: 0.1625456896729031
    roll: -0
    pitch: 0
    yaw: 3.544147126471886e-08
  upper_arm:
    x: 0.0002562763829310971
    y: 0
    z: 0
    roll: 1.571518448280124
    pitch: 0
    yaw: -2.99249922703475e-06
  forearm:
    x: -0.4249935977977138
    y: 0
    z: 0
    roll: 0.0008133381327091037
    pitch: -0.0008108946951365552
    yaw: 9.618150886175336e-06
  wrist_1:
    x: -0.3923365901709958
    y: -0.001083706754378497
    z: 0.1333733257668436
    roll: 0.008125184700656343
    pitch: -0.0005480359544808421
    yaw: -7.235081926454487e-06
  wrist_2:
    x: 5.142416449196032e-05
    y: -0.09974622158763762
    z: 2.228432192742748e-05
    roll: 1.570572916612516
    pitch: 0
    yaw: 3.072422837813171e-07
  wrist_3:
    x: 1.67289967704971e-05
    y: 0.09926886299683535
    z: 7.926924051990368e-05
    roll: 1.571594857384229
    pitch: 3.141592653589793
    yaw: 3.141592617355747
  hash: calib_14023737202003380532