kinematics:
  shoulder:
    x: 0
    y: 0
    z: 0.1626885442273441
    roll: -0
    pitch: 0
    yaw: 1.910838617197319e-08
  upper_arm:
    x: 0.0002093585565079835
    y: 0
    z: 0
    roll: 1.570801183751898
    pitch: 0
    yaw: 2.734283259744182e-06
  forearm:
    x: -0.4251606441609967
    y: 0
    z: 0
    roll: 3.141457947223901
    pitch: -3.140560419437733
    yaw: -3.141583162425372
  wrist_1:
    x: -0.3923281668580188
    y: -0.001384140708906624
    z: 0.1332918869058672
    roll: 0.01038391001945626
    pitch: 0.0001993221143346861
    yaw: -1.354501381525483e-05
  wrist_2:
    x: 4.827647359745358e-05
    y: -0.09965771970252911
    z: 0.0001048644489598485
    roll: 1.569744081062502
    pitch: 0
    yaw: -4.011683992811988e-07
  wrist_3:
    x: 1.832359298342757e-06
    y: 0.09951140121891387
    z: 0.0001391985425851714
    roll: 1.572195145926076
    pitch: 3.141592653589793
    yaw: -3.141592580300649
  hash: calib_9436408379734865131